Results 
Number of reads mapped
reverse:	7237594
stranded:	361716

Total reads
reverse:	8980380
stranded:	8980380

Percent of reads mapped
reverse:	80.59340473342999 %
stranded:	4.02784737394186 %

